11
13
128
132
136
140
144
148
152
156
160
164
168
172
176
180
184
188
192
196
200
204
208
212
216
220
224
228
232
236
240
244
248
252
256
260
268
272
276
288
292
296
300
312
316
320
324
328
344
348
352
360
368
376
380
408
412
416
424
428
432
434
460
464
468
472
476
480
484
488
524
544
548
552
556
560
564
568
572
576
580
584
588
592
596
600
644
648
652
768
772
900
904
908
912
916
920
932
936
994
995
996
997
1045
1057
1060
1063
1081
1084
1087
1116
1120
1124
1128
1148
1160
1180
1184
1188
1192
1196
1208
1220
1224
1228
1232
1236
1240
1244
1248
1252
1256
1260
1264
1268
1280
1284
1288
1296
1304
1376
1436
1444
1448
1452
1456
1460
1472
1476
1480
1484
1488
1492
1512
1516
1520
1556
1560
1564
1568
1576
1580
1600
1604
1608
1612
1616
1620
1624
1628
1632
1636
2560
2564
2568
2572
2576
3072
3076
3080
3084
3088
3092
3096
3100
3104
3108
3112
3116
3120
3124
3128
3132
3136
3140
3144
3148
3152
3156
3160
3164
3168
3172
3176
3180
3184
3188
3192
3196
3200
3204
3208
3212
3216
3220
3224
3228
3232
3236
3240
3244
3248
3252
3256
3260
3264
3268
3272
3276
3280
3284
3288
3292
3296
3300
3308
3312
3316
3320
3324
3328
3332
3336
3352
3356
3360
3364
3368
3372
3376
3384
3388
3392
3396
3400
3404
3412
3416
3420
3424
3428
3432
3436
3440
3444
3448
3452
3456
3460
3464
3468
3472
3476
3480
3484
3488
3492
3496
3500
3504
3508
3512
3516
3532
3536
3540
3544
3548
3556
3564
3568
3580
3584
3588
3592
3600
3604
3608
3612
3616
3624
3628
3632
3636
3640
3644
3648
3652
3656
3660
3664
3668
3672
3680
3684
3688
3724
3728
3736
3740
3744
3748
3752
3756
3760
3764
3768
3776
3780
3788
3792
3796
3800
3808
3844
3852
3856
3860
3864
3868
3872
3876
3880
3884
3888
3892
3896
3900
3904
3908
3916
3924
3928
3932
3980
3984
3988
3992
3996
4000
4500
4504
4508
4512
4516
4520
4524
4528
4532
4536
4540
4548
4552
4556
4560
4564
4568
4572
4576
4580
4584
4592
4596
4600
4604
4608
4612
4616
4620
4624
4628
4632
4636
4640
4644
4648
4652
4656
4660
4664
4668
4672
4676
4680
4684
4688
4692
4696
4700
4704
4708
4712
4800
4804
4808
4812
4816
4820
4824
4828
4832
4836
4840
4844
4848
4852
4856
4860
4864
4868
4872
4876
4880
4884
4888
4892
4896
4900
4904
4908
4912
4916
4920
4924
4928
4932
4936
4940
4944
4948
4952
4956
4960
4964
4968
4972
4976
4980
4984
4988
4992
5000
5004
5008
5012
5016
5020
5024
5028
5032
5036
5040
5044
5048
5052
5056
5060
5064
5068
5072
5076
5080
5084
5088
5092
5096
5100
5104
6144
6148
6156
6164
6168
6172
6176
6180
6192
6196
6200
6208
6212
6216
6220
6224
6236
6240
6276
6280
6284
6288
6292
6296
6300
6304
6308
6316
6320
6324
6328
6332
6336
6344
6348
6352
6356
6360
6364
6368
6376
6380
6384
6388
6392
6396
6400
6404
6408
6412
6424
6428
6432
6436
6440
6444
6448
6452
6456
6460
6464
6468
6472
6476
6480
6484
6488
6492
6496
6500
6504
6508
6512
6516
6520
6528
6532
6536
6540
6544
6548
6552
6556
6560
6564
6568
6572
6576
6580
6584
6588
6592
6600
6604
6608
6612
6616
6620
6624
6628
6632
6636
6640
6644
